{
 "cells": [
  {
   "cell_type": "code",
   "execution_count": 1,
   "id": "e319a2d5-a98e-4a51-ae36-4545e413d582",
   "metadata": {},
   "outputs": [
    {
     "name": "stdout",
     "output_type": "stream",
     "text": [
      "Q matrix:\n",
      "[[-0.92847669  0.37139068]\n",
      " [ 0.37139068  0.92847669]]\n",
      "\n",
      "R matrix:\n",
      "[[-5.38516481  4.82807879]\n",
      " [ 0.          6.68503217]]\n",
      "\n",
      "Verifying QR = A:\n",
      "[[ 5. -2.]\n",
      " [-2.  8.]]\n"
     ]
    }
   ],
   "source": [
    "# 17. QR decomposition\n",
    "# 17a. using numpy.linalg.qr\n",
    "import numpy as np\n",
    "\n",
    "# Define a matrix A for QR decomposition\n",
    "A = np.array([[5,-2], [-2,8]])\n",
    "\n",
    "# Perform QR decomposition using numpy.linalg.qr\n",
    "Q, R = np.linalg.qr(A)\n",
    "\n",
    "# Print the Q and R matrices\n",
    "print(\"Q matrix:\")\n",
    "print(Q)\n",
    "print(\"\\nR matrix:\")\n",
    "print(R)\n",
    "\n",
    "# Verify that QR = A\n",
    "print(\"\\nVerifying QR = A:\")\n",
    "print(np.dot(Q, R))\n"
   ]
  },
  {
   "cell_type": "markdown",
   "id": "f8d16498-db64-4540-9b60-ca93fa5e6f38",
   "metadata": {},
   "source": [
    "# using Qr decomposition to get the eigenvalues\n",
    "import numpy as np\n",
    "\n",
    "def qr_algorithm(A, max_iterations=1000, tolerance=1e-10):\n",
    "    n = A.shape[0]\n",
    "    eigenvalues = np.zeros(n, dtype=complex)\n",
    "    iterations = 0\n",
    "\n",
    "    while iterations < max_iterations:\n",
    "        Q, R = np.linalg.qr(A)\n",
    "        A = np.dot(R, Q)\n",
    "        eigenvalues = np.diag(A)\n",
    "        \n",
    "        # Check for convergence\n",
    "        if np.max(np.abs(np.diag(R, k=1))) < tolerance:\n",
    "            break\n",
    "\n",
    "        iterations += 1\n",
    "\n",
    "    return eigenvalues, iterations\n",
    "\n",
    "# Example usage:\n",
    "A = np.array([[5,-2], [-2,8]])\n",
    "eigenvalues, iterations = qr_algorithm(A)\n",
    "\n",
    "print(\"Eigenvalues:\", eigenvalues)\n",
    "print(\"Number of iterations:\", iterations)\n",
    "A = np.array([[5,-2], [-2,8]])"
   ]
  },
  {
   "cell_type": "code",
   "execution_count": 3,
   "id": "8cf7097c-e76a-4b73-ba7d-51f57211dfab",
   "metadata": {},
   "outputs": [
    {
     "name": "stdout",
     "output_type": "stream",
     "text": [
      "Eigenvalues: [4. 9.]\n",
      "\n",
      "Eigenvectors:\n",
      "[[-0.89442719 -0.4472136 ]\n",
      " [-0.4472136   0.89442719]]\n"
     ]
    }
   ],
   "source": [
    "# Comparing with numpy.linalg.eigh\n",
    "import numpy as np\n",
    "\n",
    "# Define a symmetric matrix A\n",
    "A = np.array([[5,-2], [-2,8]])\n",
    "\n",
    "# Compute eigenvalues and eigenvectors using numpy.linalg.eigh\n",
    "eigenvalues, eigenvectors = np.linalg.eigh(A)\n",
    "\n",
    "# Print the eigenvalues and eigenvectors\n",
    "print(\"Eigenvalues:\", eigenvalues)\n",
    "print(\"\\nEigenvectors:\")\n",
    "print(eigenvectors)"
   ]
  },
  {
   "cell_type": "code",
   "execution_count": null,
   "id": "ebe31e90-d8db-4f22-ab8f-0b7c0a6480cb",
   "metadata": {},
   "outputs": [],
   "source": []
  },
  {
   "cell_type": "code",
   "execution_count": 4,
   "id": "00878ccf-42ef-482f-b137-20626e1aba95",
   "metadata": {},
   "outputs": [
    {
     "name": "stdout",
     "output_type": "stream",
     "text": [
      "Dominant Eigenvalue: 3.4120543436603277\n",
      "Corresponding Eigenvector: [ 0.52724836 -0.70656603  0.471989  ]\n",
      "Number of iterations: 9\n"
     ]
    }
   ],
   "source": [
    "# 18 Power Method\n",
    "import numpy as np\n",
    "\n",
    "def power_iteration(A, max_iterations=1000, tolerance=0.01):\n",
    "    n = A.shape[0]\n",
    "    x = np.random.rand(n)  # Random initial guess for eigenvector\n",
    "    x /= np.linalg.norm(x)  # Normalize the initial guess\n",
    "    iterations = 0\n",
    "    eigenvalue_old = 0\n",
    "\n",
    "    while iterations < max_iterations:\n",
    "        x_new = np.dot(A, x)\n",
    "        eigenvalue = np.dot(x, x_new)\n",
    "        x_new /= np.linalg.norm(x_new)\n",
    "\n",
    "        if np.abs(eigenvalue - eigenvalue_old) < tolerance:\n",
    "            break\n",
    "        \n",
    "        eigenvalue_old = eigenvalue\n",
    "        x = x_new\n",
    "        iterations += 1\n",
    "\n",
    "    return eigenvalue, x, iterations\n",
    "\n",
    "# Example usage:\n",
    "A = np.array([[2,-1,0], [-1,2,-1], [0,-1,2]])  # Example symmetric matrix\n",
    "eigenvalue, eigenvector, iterations = power_iteration(A)\n",
    "\n",
    "print(\"Dominant Eigenvalue:\", eigenvalue)\n",
    "print(\"Corresponding Eigenvector:\", eigenvector)\n",
    "print(\"Number of iterations:\", iterations)"
   ]
  },
  {
   "cell_type": "code",
   "execution_count": null,
   "id": "71b47796-67dc-4f5f-99e9-29a5fce4bdbb",
   "metadata": {},
   "outputs": [],
   "source": []
  },
  {
   "cell_type": "code",
   "execution_count": 5,
   "id": "98a19850-4ce0-4be6-a610-6d99416913f7",
   "metadata": {},
   "outputs": [
    {
     "name": "stdout",
     "output_type": "stream",
     "text": [
      "Singular Values: [2.41421356 0.41421356]\n",
      "\n",
      "U matrix:\n",
      "[[-0.92387953 -0.38268343]\n",
      " [-0.38268343  0.92387953]]\n",
      "\n",
      "Sigma matrix:\n",
      "[[2.41421356 0.        ]\n",
      " [0.         0.41421356]]\n",
      "\n",
      "V transpose matrix:\n",
      "[[-0.92387953 -0.38268343]\n",
      " [ 0.38268343 -0.92387953]]\n",
      "\n",
      "Elapsed Time (seconds): 1.5225694179534912\n"
     ]
    }
   ],
   "source": [
    "# 19 SVD with time of computation\n",
    "# 19a.\n",
    "import numpy as np\n",
    "import time\n",
    "\n",
    "# Define a matrix A\n",
    "A = np.array([[2,1], [1,0]])\n",
    "\n",
    "# Start the timer\n",
    "start_time = time.time()\n",
    "\n",
    "# Compute SVD using numpy.linalg.svd\n",
    "U, s, Vt = np.linalg.svd(A)\n",
    "\n",
    "# Stop the timer\n",
    "end_time = time.time()\n",
    "\n",
    "# Calculate the elapsed time\n",
    "elapsed_time = end_time - start_time\n",
    "\n",
    "# Create the Sigma matrix from the singular values s\n",
    "Sigma = np.diag(s)\n",
    "\n",
    "# Print the singular values, U, Sigma, and Vt\n",
    "print(\"Singular Values:\", s)\n",
    "print(\"\\nU matrix:\")\n",
    "print(U)\n",
    "print(\"\\nSigma matrix:\")\n",
    "print(Sigma)\n",
    "print(\"\\nV transpose matrix:\")\n",
    "print(Vt)\n",
    "\n",
    "# Print the elapsed time\n",
    "print(\"\\nElapsed Time (seconds):\", elapsed_time)\n"
   ]
  },
  {
   "cell_type": "code",
   "execution_count": 6,
   "id": "e3cf57de-b666-4340-a204-db6aab6fb01c",
   "metadata": {},
   "outputs": [
    {
     "name": "stdout",
     "output_type": "stream",
     "text": [
      "Singular Values: [2.44948974 1.        ]\n",
      "\n",
      "U matrix:\n",
      "[[-9.12870929e-01  4.80183453e-17 -4.08248290e-01]\n",
      " [-3.65148372e-01 -4.47213595e-01  8.16496581e-01]\n",
      " [-1.82574186e-01  8.94427191e-01  4.08248290e-01]]\n",
      "\n",
      "Sigma matrix:\n",
      "[[2.44948974 0.        ]\n",
      " [0.         1.        ]]\n",
      "\n",
      "V transpose matrix:\n",
      "[[-0.89442719 -0.4472136 ]\n",
      " [-0.4472136   0.89442719]]\n",
      "\n",
      "Elapsed Time (seconds): 1.543910026550293\n"
     ]
    }
   ],
   "source": [
    "# 19 b.\n",
    "import numpy as np\n",
    "import time\n",
    "\n",
    "# Define a matrix A\n",
    "A = np.array([[2,1], [1,0],[0,1]])\n",
    "\n",
    "# Start the timer\n",
    "start_time = time.time()\n",
    "\n",
    "# Compute SVD using numpy.linalg.svd\n",
    "U, s, Vt = np.linalg.svd(A)\n",
    "\n",
    "# Stop the timer\n",
    "end_time = time.time()\n",
    "\n",
    "# Calculate the elapsed time\n",
    "elapsed_time = end_time - start_time\n",
    "\n",
    "# Create the Sigma matrix from the singular values s\n",
    "Sigma = np.diag(s)\n",
    "\n",
    "# Print the singular values, U, Sigma, and Vt\n",
    "print(\"Singular Values:\", s)\n",
    "print(\"\\nU matrix:\")\n",
    "print(U)\n",
    "print(\"\\nSigma matrix:\")\n",
    "print(Sigma)\n",
    "print(\"\\nV transpose matrix:\")\n",
    "print(Vt)\n",
    "\n",
    "# Print the elapsed time\n",
    "print(\"\\nElapsed Time (seconds):\", elapsed_time)\n"
   ]
  },
  {
   "cell_type": "code",
   "execution_count": 7,
   "id": "f1300f5d-7019-4bd4-9c63-e68618bc906c",
   "metadata": {},
   "outputs": [
    {
     "name": "stdout",
     "output_type": "stream",
     "text": [
      "Singular Values: [3.16227766 2.        ]\n",
      "\n",
      "U matrix:\n",
      "[[-0.63245553 -0.5        -0.52229321 -0.27786652]\n",
      " [ 0.31622777 -0.5        -0.30196857  0.74753928]\n",
      " [-0.31622777 -0.5         0.79704714  0.12130893]\n",
      " [-0.63245553  0.5        -0.02721464  0.59098169]]\n",
      "\n",
      "Sigma matrix:\n",
      "[[3.16227766 0.        ]\n",
      " [0.         2.        ]]\n",
      "\n",
      "V transpose matrix:\n",
      "[[-1. -0.]\n",
      " [-0. -1.]]\n",
      "\n",
      "Elapsed Time (seconds): 0.0\n"
     ]
    }
   ],
   "source": [
    "# 19c.\n",
    "import numpy as np\n",
    "import time\n",
    "\n",
    "# Define a matrix A\n",
    "A = np.array([[2,1], [-1,1],[1,1],[2,-1]])\n",
    "\n",
    "# Start the timer\n",
    "start_time = time.time()\n",
    "\n",
    "# Compute SVD using numpy.linalg.svd\n",
    "U, s, Vt = np.linalg.svd(A)\n",
    "\n",
    "# Stop the timer\n",
    "end_time = time.time()\n",
    "\n",
    "# Calculate the elapsed time\n",
    "elapsed_time = end_time - start_time\n",
    "\n",
    "# Create the Sigma matrix from the singular values s\n",
    "Sigma = np.diag(s)\n",
    "\n",
    "# Print the singular values, U, Sigma, and Vt\n",
    "print(\"Singular Values:\", s)\n",
    "print(\"\\nU matrix:\")\n",
    "print(U)\n",
    "print(\"\\nSigma matrix:\")\n",
    "print(Sigma)\n",
    "print(\"\\nV transpose matrix:\")\n",
    "print(Vt)\n",
    "\n",
    "# Print the elapsed time\n",
    "print(\"\\nElapsed Time (seconds):\", elapsed_time)\n"
   ]
  },
  {
   "cell_type": "code",
   "execution_count": 8,
   "id": "7dda4d8f-0e2c-4167-bf25-90953cbb457a",
   "metadata": {},
   "outputs": [
    {
     "name": "stdout",
     "output_type": "stream",
     "text": [
      "Singular Values: [2.64575131 1.         1.        ]\n",
      "\n",
      "U matrix:\n",
      "[[-4.36435780e-01  7.07106781e-01  4.08248290e-01 -3.77964473e-01]\n",
      " [ 4.36435780e-01  7.07106781e-01 -4.08248290e-01  3.77964473e-01]\n",
      " [-4.36435780e-01 -2.17233366e-16 -8.16496581e-01 -3.77964473e-01]\n",
      " [-6.54653671e-01  9.98489519e-17 -9.01324781e-17  7.55928946e-01]]\n",
      "\n",
      "Sigma matrix:\n",
      "[[2.64575131 0.         0.        ]\n",
      " [0.         1.         0.        ]\n",
      " [0.         0.         1.        ]]\n",
      "\n",
      "V transpose matrix:\n",
      "[[-0.57735027 -0.57735027  0.57735027]\n",
      " [ 0.          0.70710678  0.70710678]\n",
      " [ 0.81649658 -0.40824829  0.40824829]]\n",
      "\n",
      "Elapsed Time (seconds): 1.5206146240234375\n"
     ]
    }
   ],
   "source": [
    "# 19 d\n",
    "import numpy as np\n",
    "import time\n",
    "\n",
    "# Define a matrix A\n",
    "A = np.array([[1,1,0], [-1,0,1],[0,1,-1],[1,1,-1]])\n",
    "\n",
    "# Start the timer\n",
    "start_time = time.time()\n",
    "\n",
    "# Compute SVD using numpy.linalg.svd\n",
    "U, s, Vt = np.linalg.svd(A)\n",
    "\n",
    "# Stop the timer\n",
    "end_time = time.time()\n",
    "\n",
    "# Calculate the elapsed time\n",
    "elapsed_time = end_time - start_time\n",
    "\n",
    "# Create the Sigma matrix from the singular values s\n",
    "Sigma = np.diag(s)\n",
    "\n",
    "# Print the singular values, U, Sigma, and Vt\n",
    "print(\"Singular Values:\", s)\n",
    "print(\"\\nU matrix:\")\n",
    "print(U)\n",
    "print(\"\\nSigma matrix:\")\n",
    "print(Sigma)\n",
    "print(\"\\nV transpose matrix:\")\n",
    "print(Vt)\n",
    "\n",
    "# Print the elapsed time\n",
    "print(\"\\nElapsed Time (seconds):\", elapsed_time)\n"
   ]
  },
  {
   "cell_type": "code",
   "execution_count": 9,
   "id": "c734a717-32dd-4ea8-890c-5f8f88677e9f",
   "metadata": {},
   "outputs": [
    {
     "name": "stdout",
     "output_type": "stream",
     "text": [
      "Singular Values: [2.23606798 1.41421356 1.        ]\n",
      "\n",
      "U matrix:\n",
      "[[-5.47722558e-01 -3.90285274e-16 -7.07106781e-01 -1.32058463e-01\n",
      "  -4.27271064e-01]\n",
      " [-3.65148372e-01 -4.08248290e-01  1.81370028e-16 -5.43516408e-01\n",
      "   6.36073827e-01]\n",
      " [-5.47722558e-01  3.18822902e-16  7.07106781e-01 -1.32058463e-01\n",
      "  -4.27271064e-01]\n",
      " [-3.65148372e-01 -4.08248290e-01  1.39736665e-16  8.07633333e-01\n",
      "   2.18468301e-01]\n",
      " [-3.65148372e-01  8.16496581e-01 -3.49434877e-16  1.32058463e-01\n",
      "   4.27271064e-01]]\n",
      "\n",
      "Sigma matrix:\n",
      "[[2.23606798 0.         0.        ]\n",
      " [0.         1.41421356 0.        ]\n",
      " [0.         0.         1.        ]]\n",
      "\n",
      "V transpose matrix:\n",
      "[[-4.08248290e-01 -8.16496581e-01 -4.08248290e-01]\n",
      " [ 5.77350269e-01 -5.77350269e-01  5.77350269e-01]\n",
      " [ 7.07106781e-01  1.95639229e-16 -7.07106781e-01]]\n",
      "\n",
      "Elapsed Time (seconds): 1.5115020275115967\n"
     ]
    }
   ],
   "source": [
    "# 19.e\n",
    "import numpy as np\n",
    "import time\n",
    "\n",
    "# Define a matrix A\n",
    "A = np.array([[0,1,1], [0,1,0],[1,1,0],[0,1,0],[1,0,1]])\n",
    "\n",
    "# Start the timer\n",
    "start_time = time.time()\n",
    "\n",
    "# Compute SVD using numpy.linalg.svd\n",
    "U, s, Vt = np.linalg.svd(A)\n",
    "\n",
    "# Stop the timer\n",
    "end_time = time.time()\n",
    "\n",
    "# Calculate the elapsed time\n",
    "elapsed_time = end_time - start_time\n",
    "\n",
    "# Create the Sigma matrix from the singular values s\n",
    "Sigma = np.diag(s)\n",
    "\n",
    "# Print the singular values, U, Sigma, and Vt\n",
    "print(\"Singular Values:\", s)\n",
    "print(\"\\nU matrix:\")\n",
    "print(U)\n",
    "print(\"\\nSigma matrix:\")\n",
    "print(Sigma)\n",
    "print(\"\\nV transpose matrix:\")\n",
    "print(Vt)\n",
    "\n",
    "# Print the elapsed time\n",
    "print(\"\\nElapsed Time (seconds):\", elapsed_time)\n"
   ]
  },
  {
   "cell_type": "code",
   "execution_count": null,
   "id": "976289b7-ce97-444f-b9f2-e9fe2d4980c4",
   "metadata": {},
   "outputs": [],
   "source": []
  }
 ],
 "metadata": {
  "kernelspec": {
   "display_name": "Python 3",
   "language": "python",
   "name": "python3"
  },
  "language_info": {
   "codemirror_mode": {
    "name": "ipython",
    "version": 3
   },
   "file_extension": ".py",
   "mimetype": "text/x-python",
   "name": "python",
   "nbconvert_exporter": "python",
   "pygments_lexer": "ipython3",
   "version": "3.8.8"
  }
 },
 "nbformat": 4,
 "nbformat_minor": 5
}
